function m = sub()
	m = [103,0,13    
    165,15,21    
    203,24,29    
    239,59,44
    251,106,74  
    252,146,114
    252,187,161
    254,224,210
    255,245,240
    247,247,247
    247,251,255
    222,235,247
    198,219,239
    158,202,225
    107,174,214
    66,146,198
    33,113,181
    8,81,156
    8,48,107];
	m = m./255;
